2.00000000 -3.00000000
2.40000000 -1.70000000
2.59000000 -1.22000000
2.69400000 -1.04700000
2.75990000 -.98820000
2.80674000 -.97127000
2.84251900 -.96918200
2.87093340 -.97192470
2.89393919 -.97586322
2.91273767 -.97973921
2.92816406 -.98316945
2.94084819 -.98608419
2.95128697 -.98851849
2.95988143 -.99053609
2.96695875 -.99220258
2.97278726 -.99357691
2.97758750 -.99470949
2.98154095 -.99564255
2.98479701 -.99641111
2.98747872 -.99704415
2.98968739 -.99756553
2.99150647 -.99799495
2.99300467 -.99834863
2.99423860 -.99863992
2.99525487 -.99887983
2.99609188 -.99907742
2.99678124 -.99924015
2.99734901 -.99937419
2.99781663 -.99948458
2.99820176 -.99957549
2.99851896 -.99965037
2.99878020 -.99971204
2.99899537 -.99976284
2.99917258 -.99980467
2.99931853 -.99983913
2.99943874 -.99986750
2.99953774 -.99989087
2.99961928 -.99991012
