-1.00000000 3.00000000
-.80000000 2.59999999
-.72000000 2.29999999
-.70200000 2.06799999
-.71440000 1.88419999
-.74022000 1.73591999
-.77054000 1.61471399
-.80085260 1.51471719
-.82903984 1.43168849
-.85425506 1.36244681
-.87630835 1.30453194
-.89533182 1.25599471
-.91159962 1.21526259
-.92543351 1.18105011
-.93715510 1.15229674
-.94706338 1.12812188
-.95542584 1.10779116
-.96247639 1.09069035
-.96841680 1.07630464
-.97341962 1.06420203
-.97763157 1.05401966
-.98117697 1.04545257
-.98416093 1.03824436
-.98667212 1.03217940
-.98878533 1.02707630
-.99056357 1.02278251
-.99205989 1.01916965
-.99331897 1.01612973
-.99437841 1.01357189
-.99526986 1.01141967
-.99601995 1.00960875
-.99665109 1.00808501
-.99718216 1.00680290
-.99762900 1.00572410
-.99800499 1.00481638
